0.12345678900000987654321
0.01231230000000000000000
0.11114448900000987654321

0.0000000123123
202034040506070504020201.0000000000000
202034040506070504020200.9999999876877

0.0123
12345678901234567890000000.0000
12345678901234567889999999.9877

0.123123
1234321123.000000
1234321122.876877

0.0123000000000
0.0000123123123
0.0122876876877

12345678911111.100000000000
12.345678911111
12345678911098.754321088889

123.4567891111
1234.5678911111
1111.1111020000

12345.678911111
123456.789111111
111111.110200000

1234567.891111111
12345678.911111100
11111111.019999989

