12345678901234567890000000
12345678901234567890000000

0.123123
0.123123

-1234321123
-1234321123

-0.0123
-0.0123

0.000012312312300000
0.0000123123123

0.123456789000009876543210000000000
0.12345678900000987654321

0.0123123000
0.0123123

-0.0000000123123
-0.0000000123123

-1202034040506070504020201
-1202034040506070504020201

1.23456789111111
1.23456789111111

12.345678911111
12.345678911111

123.4567891111
123.4567891111

1234.5678911111
1234.5678911111

12345.678911111
12345.678911111

123456.789111111
123456.789111111

1234567.891111111
1234567.891111111

12345678.9111111
12345678.9111111

123456789.1111
123456789.1111

