00 00 00 00 00 00 00 00 00 00 00 00 00 00 00 00 
00 00 00 00 00 00 00 00 00 00 00 00 00 00 00 00 
00 00 00 00 00 00 00 00 00 00 00 00 00 00 00 00 
00 00 00 00 00 00 00 00 00 00 00 00 00 00 00 00 
00 00 00 -1 00 00 00 00 00 00 00 00 00 00 00 00 
00 00 00 00 00 00 00 00 00 00 00 00 00 00 00 00 
00 00 00 00 00 00 00 00 00 00 00 00 00 00 00 00 
00 00 00 00 00 00 00 00 00 00 00 00 00 00 00 00 
00 00 00 00 00 00 00 00 00 00 00 00 00 00 00 00 
00 00 00 00 00 00 00 00 00 00 00 00 00 00 00 00 
00 00 00 00 00 00 00 00 00 00 00 00 00 00 00 00 
00 00 00 00 00 00 00 00 00 00 00 00 00 00 00 00 
00 00 00 00 00 00 00 00 00 00 00 00 00 00 00 00 
00 00 00 00 00 00 00 00 00 00 00 00 00 00 00 00 
00 00 00 00 00 00 00 00 00 00 00 00 00 00 00 00 
00 00 00 00 00 00 00 00 00 00 00 00 00 00 00 00 
04 04 05 05 09 09 10 10 25 25 26 26 30 30 31 31 
04 03 03 05 09 08 08 10 25 24 24 26 30 29 29 31 
06 03 07 07 11 11 08 12 27 24 28 28 32 32 29 33 
06 06 07 02 02 11 12 12 27 27 28 23 23 32 33 33 
14 14 15 -1 02 19 20 20 35 35 36 36 23 40 41 41 
14 13 15 15 19 19 18 20 35 34 34 36 40 40 39 41 
16 13 13 17 21 18 18 22 37 37 34 38 42 39 39 43 
16 16 17 17 21 21 22 22 01 37 38 38 42 42 43 43 
46 46 47 47 51 51 52 01 01 67 68 68 72 72 73 73 
46 45 45 47 51 50 52 52 67 67 66 68 72 71 71 73 
48 45 49 49 53 50 50 54 69 66 66 70 74 74 71 75 
48 48 49 44 53 53 54 54 69 69 70 70 65 74 75 75 
56 56 57 44 44 61 62 62 77 77 78 65 65 82 83 83 
56 55 57 57 61 61 60 62 77 76 78 78 82 82 81 83 
58 55 55 59 63 60 60 64 79 76 76 80 84 81 81 85 
58 58 59 59 63 63 64 64 79 79 80 80 84 84 85 85 
