 1  1  1  1  1  1  0  1  1  1  1  1  1  1  1  1  0  1  1  1  1  1  1  1  1  1  0  1  1  1  1  1  1  1  1  1  0  1  1  1 
 1  1  0  1  1  1  1  1  1  1  1  1  0  1  1  1  1  1  1  1  1  1  0  1  1  1  1  1  1  1  1  1  0  1  1  1  1  1  1  1 
 1  1  1  1  0  0  0  1  1  1  1  1  1  1  0  0  0  1  1  1  1  1  1  1  0  0  0  1  1  1  1  1  1  1  0  0  0  1  1  1 
 1  0  1  0  0  1  0  0  0  1  0  0  1  0  0  1  1  0  0  0  1  0  1  0  0  1  0  0  0  1  0  0  1  0  0  1  1  0  0  0 
 1  1  1  1  1  1  0  1  1  1  0  1  1  1  1  1  0  1  1  1  1  1  1  1  1  1  0  1  1  1  0  1  1  1  1  1  0  1  1  1 
 1  0  0  0  0  0  1  1  0  1  0  0  1  0  0  0  0  1  0  1  1  0  0  0  0  0  1  1  0  1  0  0  1  0  0  0  0  1  0  1 
 1  1  1  1  1  1  0  1  0  1  0  1  1  1  1  1  0  0  0  1  1  1  1  1  1  1  0  1  0  1  0  1  1  1  1  1  0  0  0  1 
 1  1  0  1  1  0  0  1  1  1  0  1  0  1  1  0  0  1  1  1  1  1  0  1  1  0  0  1  1  1  0  1  0  1  1  0  0  1  1  1 
 1  1  0  1  1  0  1  1  1  1  0  1  0  1  1  0  1  1  1  1  1  1  0  1  1  0  1  1  1  1  0  1  0  1  1  0  1  1  1  1 
 1  1  1  1  1  1  1  1  1  1  0  1  1  1  1  1  1  1  1  1  1  1  1  1  1  1  1  1  1  1  0  1  1  1  1  1  1  1  1  1 
 1  1  1  1  1  1  0  0  0  0  0  1  1  1  1  1  0  1  1  1  1  1  1  1  1  1  0  0  0  0  0  1  1  1  1  1  0  1  1  1 
 1  1  0  1  1  1  0  1  1  1  1  1  0  1  1  1  1  1  1  1  1  1  0  1  1  1  0  1  1  1  1  1  0  1  1  1  1  1  1  1 
 1  1  1  1  0  0  0  1  1  1  1  1  1  1  0  0  0  1  1  1  1  1  1  1  0  0  0  1  1  1  1  1  1  1  0  0  0  1  1  1 
 1  0  1  0  0  1  0  0  0  1  1  0  1  0  0  1  0  0  0  1  1  0  1  0  0  1  0  0  0  1  1  0  1  0  0  1  0  0  0  1 
 1  1  1  1  1  1  0  1  1  1  1  1  1  1  1  1  0  1  1  1  1  1  1  1  1  1  0  1  1  1  1  1  1  1  1  1  0  1  1  1 
 1  0  0  0  0  0  0  1  0  1  1  0  0  0  0  0  1  1  0  1  1  0  0  0  0  0  0  1  0  1  1  0  0  0  0  0  1  1  0  1 
 1  1  1  1  1  1  0  0  0  1  1  1  0  1  1  1  1  0  0  1  1  1  1  1  1  1  0  0  0  1  1  1  0  1  1  1  1  0  0  1 
 1  1  0  1  1  0  0  1  1  1  1  1  0  1  1  0  0  1  1  1  1  1  0  1  1  0  0  1  1  1  1  1  0  1  1  0  0  1  1  1 
 1  1  0  1  1  0  1  1  1  1  1  1  0  1  1  0  1  1  1  1  1  1  0  1  1  0  1  1  1  1  1  1  0  1  1  0  1  1  1  1 
 1  1  1  1  1  1  1  1  1  1  1  1  1  1  1  1  1  1  1  1  1  1  1  1  1  1  1  1  1  1  1  1  1  1  1  1  1  1  1  1 
 1  1  1  1  1  1  0  1  1  1  1  1  1  1  1  1  0  1  1  1  1  1  1  1  1  1  0  1  1  1  1  1  1  1  1  1  0  1  1  1 
 1  1  0  1  1  1  1  1  1  1  1  1  0  1  1  1  1  1  1  1  1  1  0  1  1  1  1  1  1  1  1  1  0  1  1  1  1  1  1  1 
 1  1  1  1  0  0  0  1  1  1  1  1  1  1  0  0  0  1  1  1  1  1  1  1  0  0  0  1  1  1  1  1  1  1  0  0  0  1  1  1 
 1  0  1  0  0  1  0  0  0  1  0  0  1  0  0  1  1  0  0  0  1  0  1  0  0  1  0  0  0  1  0  0  1  0  0  1  1  0  0  0 
 1  1  1  1  1  1  0  1  1  1  0  1  1  1  1  1  0  1  1  1  1  1  1  1  1  1  0  1  1  1  0  1  1  1  1  1  0  1  1  1 
 1  0  0  0  0  0  1  1  0  1  0  0  1  0  0  0  0  1  0  1  1  0  0  0  0  0  1  1  0  1  0  0  1  0  0  0  0  1  0  1 
 1  1  1  1  1  1  0  1  0  1  0  1  1  1  1  1  0  0  0  1  1  1  1  1  1  1  0  1  0  1  0  1  1  1  1  1  0  0  0  1 
 1  1  0  1  1  0  0  1  1  1  0  1  0  1  1  0  0  1  1  1  1  1  0  1  1  0  0  1  1  1  0  1  0  1  1  0  0  1  1  1 
 1  1  0  1  1  0  1  1  1  1  0  1  0  1  1  0  1  1  1  1  1  1  0  1  1  0  1  1  1  1  0  1  0  1  1  0  1  1  1  1 
 1  1  1  1  1  1  1  1  1  1  0  1  1  1  1  1  1  1  1  1  1  1  1  1  1  1  1  1  1  1  0  1  1  1  1  1  1  1  1  1 
 1  1  1  1  1  1  0  0  0  0  0  1  1  1  1  1  0  1  1  1  1  1  1  1  1  1  0  0  0  0  0  1  1  1  1  1  0  1  1  1 
 1  1  0  1  1  1  0  1  1  1  1  1  0  1  1  1  1  1  1  1  1  1  0  1  1  1  0  1  1  1  1  1  0  1  1  1  1  1  1  1 
 1  1  1  1  0  0  0  1  1  1  1  1  1  1  0  0  0  1  1  1  1  1  1  1  0  0  0  1  1  1  1  1  1  1  0  0  0  1  1  1 
 1  0  1  0  0  1  0  0  0  1  1  0  1  0  0  1  0  0  0  1  1  0  1  0  0  1  0  0  0  1  1  0  1  0  0  1  0  0  0  1 
 1  1  1  1  1  1  0  1  1  1  1  1  1  1  1  1  0  1  1  1  1  1  1  1  1  1  0  1  1  1  1  1  1  1  1  1  0  1  1  1 
 1  0  0  0  0  0  0  1  0  1  1  0  0  0  0  0  1  1  0  1  1  0  0  0  0  0  0  1  0  1  1  0  0  0  0  0  1  1  0  1 
 1  1  1  1  1  1  0  0  0  1  1  1  0  1  1  1  1  0  0  1  1  1  1  1  1  1  0  0  0  1  1  1  0  1  1  1  1  0  0  1 
 1  1  0  1  1  0  0  1  1  1  1  1  0  1  1  0  0  1  1  1  1  1  0  1  1  0  0  1  1  1  1  1  0  1  1  0  0  1  1  1 
 1  1  0  1  1  0  1  1  1  1  1  1  0  1  1  0  1  1  1  1  1  1  0  1  1  0  1  1  1  1  1  1  0  1  1  0  1  1  1  1 
 1  1  1  1  1  1  1  1  1  1  1  1  1  1  1  1  1  1  1  1  1  1  1  1  1  1  1  1  1  1  1  1  1  1  1  1  1  1  1  1 

 2  1  2  3  4  5  0  7  8  9 10 11 12 13 14  0  0  0  0  0  0  0  0  0  0  0  0  0  0  0  0  0  0  0  0  0  0  0  0  0 
 1  1  0  3  4  5  6  7  8  9 10 11  0 13 14  0  0  0  0  0  0  0  0  0  0  0  0  0  0  0  0  0  0  0  0  0  0  0  0  0 
 2  2  2  3  0  0  0  7  8  9 10 11 12 13  0  0  0  0  0  0  0  0  0  0  0  0  0  0  0  0  0  0  0  0  0  0  0  0  0  0 
 3  0  3  0  0  6  0  0  0  9  0  0 12  0  0 15 16  0  0  0  0  0  0  0  0  0  0  0  0  0  0  0  0  0  0  0  0  0  0  0 
 4  4  4  4  5  6  0  8  9 10  0 13 13 13 14 15  0  0  0  0  0  0  0  0  0  0  0  0  0  0  0  0  0  0  0  0  0  0  0  0 
 5  0  0  0  0  0  7  8  0 10  0  0 14  0  0  0  0  0  0  0  0  0  0  0  0  0  0  0  0  0  0  0  0  0  0  0  0  0  0  0 
 6  6  7  8  9  8  0  8  0 10  0 15 15 15 16 17  0  0  0  0  0  0  0  0  0  0  0  0  0  0  0  0  0  0  0  0  0  0  0  0 
 7  7  0  8  9  0  0  9  9 10  0 16  0 16 16  0  0 20 21  0  0  0  0  0  0  0  0  0  0  0  0  0  0  0  0  0  0  0  0  0 
 8  8  0  9  9  0 10 10 10 10  0 17  0 17 17  0 19 20 21 22  0  0  0  0  0  0  0  0  0  0  0  0  0  0  0  0  0  0  0  0 
 9  9  9 10 10 10 11 11 11 11  0 18 18 18 18 18 19 20 21 22 23  0  0  0  0  0  0  0  0  0  0  0  0  0  0  0  0  0  0  0 
10 10 10 10 11 11  0  0  0  0  0 19 19 19 19 19  0 20 21 22 23 24  0  0  0  0  0  0  0  0  0  0  0  0  0  0  0  0  0  0 
11 11  0 11 11 12  0  0 22 21 20 20  0 20 20 20 20 21 21 22 23 24  0  0  0  0  0  0  0  0  0  0  0  0  0  0  0  0  0  0 
12 12 12 12  0  0  0  0 22 21 21 21 21 21  0  0  0 21 22 22 23 24 25 26  0  0  0  0  0  0  0  0  0  0  0  0  0  0  0  0 
13  0 13  0  0 16  0  0  0 22 22  0 22  0  0 25  0  0  0 23 23  0 25  0  0  0  0  0  0  0  0  0  0  0  0  0  0  0  0  0 
 0 14 14 14 15 16  0  0  0 23 23 23 23 23 24 25  0 25 24 24 24 24 25 26 27  0  0  0  0  0  0  0  0  0  0  0  0  0  0  0 
 0  0  0  0  0  0  0  0  0  0 24  0  0  0  0  0 26 25  0 25 25  0  0  0  0  0  0  0  0  0  0  0  0  0  0  0  0  0  0  0 
 0  0  0  0  0  0  0  0  0  0  0  0  0  0 28 27 26  0  0 26 26 26 27 28 29 30  0  0  0  0  0  0  0  0  0  0  0  0  0  0 
 0  0  0  0  0  0  0  0  0  0  0  0  0  0 28  0  0 27 27 27 27 27  0 28 29  0  0  0  0  0  0  0  0  0  0  0  0  0  0  0 
 0  0  0  0  0  0  0  0  0  0  0  0  0  0  0  0 28 28 28 28 28 28  0 29 29  0 31 32  0  0  0  0  0  0  0  0  0  0  0  0 
 0  0  0  0  0  0  0  0  0  0  0  0  0  0  0 29 29 29 29 29 29 29 29 30 30 30 31 32 33  0  0  0  0  0  0  0  0  0  0  0 
 0  0  0  0  0  0  0  0  0  0  0  0  0  0  0  0  0 30 30 30 30 30 30 30 31 31  0 32 33 34  0  0  0  0  0  0  0  0  0  0 
 0  0  0  0  0  0  0  0  0  0  0  0  0  0  0  0  0 31 31 31 31 31  0 31 31 32 32 33 33 34  0  0  0  0  0  0  0  0  0  0 
 0  0  0  0  0  0  0  0  0  0  0  0  0  0  0  0  0  0 32 32 32 32 32 32  0  0  0 33 34 34 36  0  0  0  0  0  0  0  0  0 
 0  0  0  0  0  0  0  0  0  0  0  0  0  0  0  0  0  0  0  0 33  0 33  0  0 36  0  0  0 35  0  0  0  0  0  0  0  0  0  0 
 0  0  0  0  0  0  0  0  0  0  0  0  0  0  0  0  0  0  0  0  0 34 34 34 35 36  0 38 36 36  0  0  0  0  0  0  0  0  0  0 
 0  0  0  0  0  0  0  0  0  0  0  0  0  0  0  0  0  0  0  0  0  0  0  0  0  0 37 38  0  0  0  0  0  0  0  0  0  0  0  0 
 0  0  0  0  0  0  0  0  0  0  0  0  0  0  0  0  0  0  0  0  0  0  0  0  0 38  0 38  0 40  0  0  0  0  0  0  0  0  0  0 
 0  0  0  0  0  0  0  0  0  0  0  0  0  0  0  0  0  0  0  0  0  0  0  0  0  0  0 39 39 40  0  0  0  0  0  0  0  0  0  0 
 0  0  0  0  0  0  0  0  0  0  0  0  0  0  0  0  0  0  0  0  0  0  0  0  0  0 40 40 40 40  0  0  0  0  0  0  0  0  0  0 
 0  0  0  0  0  0  0  0  0  0  0  0  0  0  0  0  0  0  0  0  0  0  0  0  0  0  0 41 41 41  0  0  0  0  0  0  0  0  0  0 
 0  0  0  0  0  0  0  0  0  0  0  0  0  0  0  0  0  0  0  0  0  0  0  0  0  0  0  0  0  0  0  0  0  0  0  0  0  0  0  0 
 0  0  0  0  0  0  0  0  0  0  0  0  0  0  0  0  0  0  0  0  0  0  0  0  0  0  0  0  0  0  0  0  0  0  0  0  0  0  0  0 
 0  0  0  0  0  0  0  0  0  0  0  0  0  0  0  0  0  0  0  0  0  0  0  0  0  0  0  0  0  0  0  0  0  0  0  0  0  0  0  0 
 0  0  0  0  0  0  0  0  0  0  0  0  0  0  0  0  0  0  0  0  0  0  0  0  0  0  0  0  0  0  0  0  0  0  0  0  0  0  0  0 
 0  0  0  0  0  0  0  0  0  0  0  0  0  0  0  0  0  0  0  0  0  0  0  0  0  0  0  0  0  0  0  0  0  0  0  0  0  0  0  0 
 0  0  0  0  0  0  0  0  0  0  0  0  0  0  0  0  0  0  0  0  0  0  0  0  0  0  0  0  0  0  0  0  0  0  0  0  0  0  0  0 
 0  0  0  0  0  0  0  0  0  0  0  0  0  0  0  0  0  0  0  0  0  0  0  0  0  0  0  0  0  0  0  0  0  0  0  0  0  0  0  0 
 0  0  0  0  0  0  0  0  0  0  0  0  0  0  0  0  0  0  0  0  0  0  0  0  0  0  0  0  0  0  0  0  0  0  0  0  0  0  0  0 
 0  0  0  0  0  0  0  0  0  0  0  0  0  0  0  0  0  0  0  0  0  0  0  0  0  0  0  0  0  0  0  0  0  0  0  0  0  0  0  0 
 0  0  0  0  0  0  0  0  0  0  0  0  0  0  0  0  0  0  0  0  0  0  0  0  0  0  0  0  0  0  0  0  0  0  0  0  0  0  0  0 

 0  1  1  1  1  1  0  1  1  1  1  1  1  1  1  1  0  1  1  1  1  1  1  1  1  1  0  1  1  1  1  1  1  1  1  1  0  1  1  1 
 1  1  0  1  4  5  6  1  1  1  1  1  0  1  1  1  1  1  1  1  1  1  0  1  1  1  1  1  1  1  1  1  0  1  1  1  1  1  1  1 
 1  1  2  3  0  0  0  7  8  1 10 11  1  1  0  0  0  1  1  1  1  1  1  1  0  0  0  1  1  1  1  1  1  1  0  0  0  1  1  1 
 1  0  1  0  0  1  0  0  0  9  0  0 12  0  0  1  1  0  0  0  1  0  1  0  0  1  0  0  0  1  0  0  1  0  0  1  1  0  0  0 
 1  1  1  1  1  1  0  1  1  1  0  1 13  1  1  1  0  1  1  1  1  1  1  1  1  1  0  1  1  1  0  1  1  1  1  1  0  1  1  1 
 1  0  0  0  0  0  1  1  0  1  0  0 14  0  0  0  0  1  0  1  1  0  0  0  0  0  1  1  0  1  0  0  1  0  0  0  0  1  0  1 
 1  1  1  1  1  1  0  1  0  1  0  1  1 15  1  1  0  0  0  1  1  1  1  1  1  1  0  1  0  1  0  1  1  1  1  1  0  0  0  1 
 1  1  0  1  1  0  0  1  1  1  0  1  0  1 16  0  0  1  1  1  1  1  0  1  1  0  0  1  1  1  0  1  0  1  1  0  0  1  1  1 
 1  1  0  1  1  0  1  1  1  1  0  1  0 17  1  0  1  1  1  1  1  1  0  1  1  0  1  1  1  1  0  1  0  1  1  0  1  1  1  1 
 1  1  1  1  1  1  1  1  1  1  0  1  1  1 18  1  1  1  1  1  1  1  1  1  1  1  1  1  1  1  0  1  1  1  1  1  1  1  1  1 
 1  1  1  1  1  1  0  0  0  0  0  1  1  1  1 19  0  1  1  1  1  1  1  1  1  1  0  0  0  0  0  1  1  1  1  1  0  1  1  1 
 1  1  0  1  1  1  0  1  1  1  1  1  0  1  1  1 20  1  1  1  1  1  0  1  1  1  0  1  1  1  1  1  0  1  1  1  1  1  1  1 
 1  1  1  1  0  0  0  1  1  1  1  1  1  1  0  0  0 21 22  1  1  1  1  1  0  0  0  1  1  1  1  1  1  1  0  0  0  1  1  1 
 1  0  1  0  0  1  0  0  0  1  1  0  1  0  0  1  0  0  0 23  1  0  1  0  0  1  0  0  0  1  1  0  1  0  0  1  0  0  0  1 
 1  1  1  1  1  1  0  1  1  1  1  1  1  1  1  1  0  1  1 24  1  1  1  1  1  1  0  1  1  1  1  1  1  1  1  1  0  1  1  1 
 1  0  0  0  0  0  0  1  0  1  1  0  0  0  0  0  1  1  0 25  1  0  0  0  0  0  0  1  0  1  1  0  0  0  0  0  1  1  0  1 
 1  1  1  1  1  1  0  0  0  1  1  1  0  1  1  1  1  0  0 26  1  1  1  1  1  1  0  0  0  1  1  1  0  1  1  1  1  0  0  1 
 1  1  0  1  1  0  0  1  1  1  1  1  0  1  1  0  0  1  1 27  1  1  0  1  1  0  0  1  1  1  1  1  0  1  1  0  0  1  1  1 
 1  1  0  1  1  0  1  1  1  1  1  1  0  1  1  0  1  1  1 28  1  1  0  1  1  0  1  1  1  1  1  1  0  1  1  0  1  1  1  1 
 1  1  1  1  1  1  1  1  1  1  1  1  1  1  1  1  1  1  1 29  1  1  1  1  1  1  1  1  1  1  1  1  1  1  1  1  1  1  1  1 
 1  1  1  1  1  1  0  1  1  1  1  1  1  1  1  1  0  1  1  1 30  1  1  1  1  1  0  1  1  1  1  1  1  1  1  1  0  1  1  1 
 1  1  0  1  1  1  1  1  1  1  1  1  0  1  1  1  1  1  1  1  1 31  0  1  1  1  1  1  1  1  1  1  0  1  1  1  1  1  1  1 
 1  1  1  1  0  0  0  1  1  1  1  1  1  1  0  0  0  1  1  1  1  1 32  1  0  0  0  1  1  1  1  1  1  1  0  0  0  1  1  1 
 1  0  1  0  0  1  0  0  0  1  0  0  1  0  0  1  1  0  0  0  1  0 33  0  0  1  0  0  0  1  0  0  1  0  0  1  1  0  0  0 
 1  1  1  1  1  1  0  1  1  1  0  1  1  1  1  1  0  1  1  1  1  1  1 34 35 36  0  1  1  1  0  1  1  1  1  1  0  1  1  1 
 1  0  0  0  0  0  1  1  0  1  0  0  1  0  0  0  0  1  0  1  1  0  0  0  0  0 37  1  0  1  0  0  1  0  0  0  0  1  0  1 
 1  1  1  1  1  1  0  1  0  1  0  1  1  1  1  1  0  0  0  1  1  1  1  1  1  1  0 38  0  1  0  1  1  1  1  1  0  0  0  1 
 1  1  0  1  1  0  0  1  1  1  0  1  0  1  1  0  0  1  1  1  1  1  0  1  1  0  0 39  1  1  0  1  0  1  1  0  0  1  1  1 
 1  1  0  1  1  0  1  1  1  1  0  1  0  1  1  0  1  1  1  1  1  1  0  1  1  0  1  1 40  1  0  1  0  1  1  0  1  1  1  1 
 1  1  1  1  1  1  1  1  1  1  0  1  1  1  1  1  1  1  1  1  1  1  1  1  1  1  1  1  1  1  0  1  1  1  1  1  1  1  1  1 
 1  1  1  1  1  1  0  0  0  0  0  1  1  1  1  1  0  1  1  1  1  1  1  1  1  1  0  0  0  0  0  1  1  1  1  1  0  1  1  1 
 1  1  0  1  1  1  0  1  1  1  1  1  0  1  1  1  1  1  1  1  1  1  0  1  1  1  0  1  1  1  1  1  0  1  1  1  1  1  1  1 
 1  1  1  1  0  0  0  1  1  1  1  1  1  1  0  0  0  1  1  1  1  1  1  1  0  0  0  1  1  1  1  1  1  1  0  0  0  1  1  1 
 1  0  1  0  0  1  0  0  0  1  1  0  1  0  0  1  0  0  0  1  1  0  1  0  0  1  0  0  0  1  1  0  1  0  0  1  0  0  0  1 
 1  1  1  1  1  1  0  1  1  1  1  1  1  1  1  1  0  1  1  1  1  1  1  1  1  1  0  1  1  1  1  1  1  1  1  1  0  1  1  1 
 1  0  0  0  0  0  0  1  0  1  1  0  0  0  0  0  1  1  0  1  1  0  0  0  0  0  0  1  0  1  1  0  0  0  0  0  1  1  0  1 
 1  1  1  1  1  1  0  0  0  1  1  1  0  1  1  1  1  0  0  1  1  1  1  1  1  1  0  0  0  1  1  1  0  1  1  1  1  0  0  1 
 1  1  0  1  1  0  0  1  1  1  1  1  0  1  1  0  0  1  1  1  1  1  0  1  1  0  0  1  1  1  1  1  0  1  1  0  0  1  1  1 
 1  1  0  1  1  0  1  1  1  1  1  1  0  1  1  0  1  1  1  1  1  1  0  1  1  0  1  1  1  1  1  1  0  1  1  0  1  1  1  1 
 1  1  1  1  1  1  1  1  1  1  1  1  1  1  1  1  1  1  1  1  1  1  1  1  1  1  1  1  1  1  1  1  1  1  1  1  1  1  1  1 

283
(1,1)
 2  1  2  3  4  5  0  7  8  9 10 11 12 13 14 15  0 17 18 19 20 21 22 23 24 25  0 27 28 29 30 31 32 33 34 35  0 37 38 39 
 1  1  0  3  4  5  6  7  8  9 10 11  0 13 14 15 16 17 18 19 20 21  0 23 24 25 26 27 28 29 30 31  0 33 34 35 36 37 38 39 
 2  2  2  3  0  0  0  7  8  9 10 11 12 13  0  0  0 17 18 19 20 21 22 23  0  0  0 27 28 29 30 31 32 33  0  0  0 37 38 39 
 3  0  3  0  0  6  0  0  0  9  0  0 12  0  0 15 16  0  0  0 20  0 22  0  0 25  0  0  0 29  0  0 32  0  0 35 36  0  0  0 
 4  4  4  4  5  6  0  8  9 10  0 13 13 13 14 15  0 17 18 19 20 21 22 23 24 25  0 27 28 29  0 33 33 33 34 35  0 37 38 39 
 5  0  0  0  0  0  7  8  0 10  0  0 14  0  0  0  0 18  0 19 20  0  0  0  0  0 26 27  0 29  0  0 34  0  0  0  0 38  0 39 
 6  6  7  8  9  8  0  8  0 10  0 15 15 15 16 17  0  0  0 20 20 21 22 23 24 25  0 27  0 29  0 35 35 35 36 37  0  0  0 40 
 7  7  0  8  9  0  0  9  9 10  0 16  0 16 16  0  0 20 21 21 21 21  0 23 24  0  0 27 28 29  0 36  0 36 36  0  0 40 41 41 
 8  8  0  9  9  0 10 10 10 10  0 17  0 17 17  0 19 20 21 22 22 22  0 24 24  0 26 27 28 29  0 37  0 37 37  0 39 40 41 42 
 9  9  9 10 10 10 11 11 11 11  0 18 18 18 18 18 19 20 21 22 23 23 23 24 25 25 26 27 28 29  0 38 38 38 38 38 39 40 41 42 
10 10 10 10 11 11  0  0  0  0  0 19 19 19 19 19  0 20 21 22 23 24 24 24 25 26  0  0  0  0  0 39 39 39 39 39  0 40 41 42 
11 11  0 11 11 12  0 23 22 21 20 20  0 20 20 20 20 21 21 22 23 24  0 25 25 26  0 39 39 39 39 39  0 39 39 40 40 41 41 42 
12 12 12 12  0  0  0 23 22 21 21 21 21 21  0  0  0 21 22 22 23 24 25 26  0  0  0 39 38 38 38 38 38 38  0  0  0 41 42 42 
13  0 13  0  0 16  0  0  0 22 22  0 22  0  0 25  0  0  0 23 23  0 25  0  0 28  0  0  0 37 37  0 37  0  0 40  0  0  0  0 
14 14 14 14 15 16  0 24 23 23 23 23 23 23 24 25  0 25 24 24 24 24 25 26 27 28  0 37 36 36 36 36 37 38 39 40  0  0  0  0 
15  0  0  0  0  0  0 24  0 24 24  0  0  0  0  0 26 25  0 25 25  0  0  0  0  0  0 37  0 35 35  0  0  0  0  0 41  0  0  0 
16 16 17 18 19 20  0  0  0 24 25 25  0 29 28 27 26  0  0 26 26 26 27 28 29 30  0  0  0 34 35 36  0 40 40 40 41  0  0  0 
17 17  0 18 19  0  0 22 23 24 25 26  0 29 28  0  0 27 27 27 27 27  0 28 29  0  0 32 33 34 35 36  0 39 39  0  0  0  0  0 
18 18  0 19 19  0 21 22 23 24 25 26  0 28 29  0 28 28 28 28 28 28  0 29 29  0 31 32 33 34 35 36  0 38 39  0 41  0  0  0 
19 19 19 20 20 20 21 22 23 24 25 26 27 28 29 29 29 29 29 29 29 29 29 30 30 30 31 32 33 34 35 36 37 38 39 40 41  0  0  0 
20 20 20 20 21 21  0 22 23 24 25 26 27 28 29 30  0 30 30 30 30 30 30 30 31 31  0 32 33 34 35 36 37 38 39 40  0  0  0  0 
21 21  0 21 21 22 22 23 23 24 25 26  0 28 29 30 31 31 31 31 31 31  0 31 31 32 32 33 33 34 35 36  0 38 39 40 41  0  0  0 
22 22 22 22  0  0  0 23 24 24 25 26 27 28  0  0  0 32 32 32 32 32 32 32  0  0  0 33 34 34 35 36 37 38  0  0  0  0  0  0 
23  0 23  0  0 26  0  0  0 25  0  0 27  0  0 30 31  0  0  0 33  0 33  0  0 36  0  0  0 35  0  0 37  0  0 40 41  0  0  0 
24 24 24 24 25 26  0 27 26 26  0 28 28 28 29 30  0 32 33 34 34 34 34 34 35 36  0 37 36 36  0 38 38 38 39 40  0  0  0  0 
25  0  0  0  0  0 27 27  0 27  0  0 29  0  0  0  0 33  0 34 35  0  0  0  0  0 37 37  0 37  0  0 39  0  0  0  0  0  0  0 
26 26 27 28 29 28  0 28  0 28  0 30 30 30 31 32  0  0  0 35 35 36 37 38 39 38  0 38  0 38  0 40 40 40 41  0  0  0  0  0 
27 27  0 28 29  0  0 29 29 29  0 31  0 31 31  0  0 35 36 36 36 36  0 38 39  0  0 39 39 39  0 41  0 41 41  0  0  0  0  0 
28 28  0 29 29  0 30 30 30 30  0 32  0 32 32  0 34 35 36 37 37 37  0 39 39  0 40 40 40 40  0  0  0  0  0  0  0  0  0  0 
29 29 29 30 30 30 31 31 31 31  0 33 33 33 33 33 34 35 36 37 38 38 38 39 40 40 41 41 41 41  0  0  0  0  0  0  0  0  0  0 
30 30 30 30 31 31  0  0  0  0  0 34 34 34 34 34  0 35 36 37 38 39 39 39 40 41  0  0  0  0  0  0  0  0  0  0  0  0  0  0 
31 31  0 31 31 32  0 38 37 36 35 35  0 35 35 35 35 36 36 37 38 39  0 40 40 41  0  0  0  0  0  0  0  0  0  0  0  0  0  0 
32 32 32 32  0  0  0 38 37 36 36 36 36 36  0  0  0 36 37 37 38 39 40 41  0  0  0  0  0  0  0  0  0  0  0  0  0  0  0  0 
33  0 33  0  0 36  0  0  0 37 37  0 37  0  0 40  0  0  0 38 38  0 40  0  0  0  0  0  0  0  0  0  0  0  0  0  0  0  0  0 
34 34 34 34 35 36  0 39 38 38 38 38 38 38 39 40  0 40 39 39 39 39 40 41 42  0  0  0  0  0  0  0  0  0  0  0  0  0  0  0 
35  0  0  0  0  0  0 39  0 39 39  0  0  0  0  0 41 40  0 40 40  0  0  0  0  0  0  0  0  0  0  0  0  0  0  0  0  0  0  0 
36 36 37 38 39 40  0  0  0 40 40 40  0  0  0 42 41  0  0 41 41 41 42  0  0  0  0  0  0  0  0  0  0  0  0  0  0  0  0  0 
37 37  0 38 39  0  0 42 41 41 41 41  0  0  0  0  0 42 42 42 42 42  0  0  0  0  0  0  0  0  0  0  0  0  0  0  0  0  0  0 
38 38  0 39 39  0 41 42 42 42 42 42  0  0  0  0  0  0  0  0  0  0  0  0  0  0  0  0  0  0  0  0  0  0  0  0  0  0  0  0 
39 39 39 40 40 40 41 42  0  0  0  0  0  0  0  0  0  0  0  0  0  0  0  0  0  0  0  0  0  0  0  0  0  0  0  0  0  0  0  0 

 1  1  1  1  1  1  0  1  1  1  1  1  1  1  1  1  0  1  1  1  1  1  1  1  1  1  0  1  1  1  1  1  1  1  1  1  0  1  1  1 
 1  1  0  1  1  1  1  1  1  1  1  1  0  1  1  1  1  1  1  1  1  1  0  1  1  1  1  1  1  1  1  1  0  1  1  1  1  1  1  1 
 1  1  1  1  0  0  0  1  1  1  1  1  1  1  0  0  0  1  1  1  1  1  1  1  0  0  0  1  1  1  1  1  1  1  0  0  0  1  1  1 
 1  0  1  0  0  1  0  0  0  1  0  0  1  0  0  1  1  0  0  0  1  0  1  0  0  1  0  0  0  1  0  0  1  0  0  1  1  0  0  0 
 1  1  1  1  1  1  0  1  1  1  0  1  1  1  1  1  0  1  1  1  1  1  1  1  1  1  0  1  1  1  0  1  1  1  1  1  0  1  1  1 
 1  0  0  0  0  0  1  1  0  1  0  0  1  0  0  0  0  1  0  1  1  0  0  0  0  0  1  1  0  1  0  0  1  0  0  0  0  1  0  1 
 1  1  1  1  1  1  0  1  0  1  0  1  1  1  1  1  0  0  0  1  1  1  1  1  1  1  0  1  0  1  0  1  1  1  1  1  0  0  0  1 
 1  1  0  1  1  0  0  1  1  1  0  1  0  1  1  0  0  1  1  1  1  1  0  1  1  0  0  1  1  1  0  1  0  1  1  0  0  1  1  1 
 1  1  0  1  1  0  1  1  1  1  0  1  0  1  1  0  1  1  1  1  1  1  0  1  1  0  1  1  1  1  0  1  0  1  1  0  1  1  1  1 
 1  1  1  1  1  1  1  1  1  1  0  1  1  1  1  1  1  1  1  1  1  1  1  1  1  1  1  1  1  1  0  1  1  1  1  1  1  1  1  1 
 1  1  1  1  1  1  0  0  0  0  0  1  1  1  1  1  0  1  1  1  1  1  1  1  1  1  0  0  0  0  0  1  1  1  1  1  0  1  1  1 
 1  1  0  1  1  1  0  1  1  1  1  1  0  1  1  1  1  1  1  1  1  1  0  1  1  1  0  1  1  1  1  1  0  1  1  1  1  1  1  1 
 1  1  1  1  0  0  0  1  1  1  1  1  1  1  0  0  0  1  1  1  1  1  1  1  0  0  0  1  1  1  1  1  1  1  0  0  0  1  1  1 
 1  0  1  0  0  1  0  0  0  1  1  0  1  0  0  1  0  0  0  1  1  0  1  0  0  1  0  0  0  1  1  0  1  0  0  1  0  0  0  1 
 1  1  1  1  1  1  0  1  1  1  1  1  1  1  1  1  0  1  1  1  1  1  1  1  1  1  0  1  1  1  1  1  1  1  1  1  0  1  1  1 
 1  0  0  0  0  0  0  1  0  1  1  0  0  0  0  0  1  1  0  1  1  0  0  0  0  0  0  1  0  1  1  0  0  0  0  0  1  1  0  1 
 1  1  1  1  1  1  0  0  0  1  1  1  0  1  1  1  1  0  0  1  1  1  1  1  1  1  0  0  0  1  1  1  0  1  1  1  1  0  0  1 
 1  1  0  1  1  0  0  1  1  1  1  1  0  1  1  0  0  1  1  1  1  1  0  1  1  0  0  1  1  1  1  1  0  1  1  0  0  1  1  1 
 1  1  0  1  1  0  1  1  1  1  1  1  0  1  1  0  1  1  1  1  1  1  0  1  1  0  1  1  1  1  1  1  0  1  1  0  1  1  1  1 
 1  1  1  1  1  1  1  1  1  1  1  1  1  1  1  1  1  1  1  1  1  1  1  1  1  1  1  1  1  1  1  1  1  1  1  1  1  1  1  1 
 1  1  1  1  1  1  0  1  1  1  1  1  1  1  1  1  0  1  1  1  1  1  1  1  1  1  0  1  1  1  1  1  1  1  1  1  0  1  1  1 
 1  1  0  1  1  1  1  1  1  1  1  1  0  1  1  1  1  1  1  1  1  1  0  1  1  1  1  1  1  1  1  1  0  1  1  1  1  1  1  1 
 1  1  1  1  0  0  0  1  1  1  1  1  1  1  0  0  0  1  1  1  1  1  1  1  0  0  0  1  1  1  1  1  1  1  0  0  0  1  1  1 
 1  0  1  0  0  1  0  0  0  1  0  0  1  0  0  1  1  0  0  0  1  0  1  0  0  1  0  0  0  1  0  0  1  0  0  1  1  0  0  0 
 1  1  1  1  1  1  0  1  1  1  0  1  1  1  1  1  0  1  1  1  1  1  1  1  1  1  0  1  1  1  0  1  1  1  1  1  0  1  1  1 
 1  0  0  0  0  0  1  1  0  1  0  0  1  0  0  0  0  1  0  1  1  0  0  0  0  0  1  1  0  1  0  0  1  0  0  0  0  1  0  1 
 1  1  1  1  1  1  0  1  0  1  0  1  1  1  1  1  0  0  0  1  1  1  1  1  1  1  0  1  0  1  0  1  1  1  1  1  0  0  0  1 
 1  1  0  1  1  0  0  1  1  1  0  1  0  1  1  0  0  1  1  1  1  1  0  1  1  0  0  1  1  1  0  1  0  1  1  0  0  1  1  1 
 1  1  0  1  1  0  1  1  1  1  0  1  0  1  1  0  1  1  1  1  1  1  0  1  1  0  1  1  1  1  0  1  0  1  1  0  1  1  1  1 
 1  1  1  1  1  1  1  1  1  1  0  1  1  1  1  1  1  1  1  1  1  1  1  1  1  1  1  1  1  1  0  1  1  1  1  1  1  1  1  1 
 1  1  1  1  1  1  0  0  0  0  0  1  1  1  1  1  0  1  1  1  1  1  1  1  1  1  0  0  0  0  0  1  1  1  1  1  0  1  1  1 
 1  1  0  1  1  1  0  1  1  1  1  1  0  1  1  1  1  1  1  1  1  1  0  1  1  1  0  1  1  1  1  1  0  1  1  1  1  1  1  1 
 1  1  1  1  0  0  0  1  1  1  1  1  1  1  0  0  0  1  1  1  1  1  1  1  0  0  0  1  1  1  1  1  1  1  0  0  0  1  1  1 
 1  0  1  0  0  1  0  0  0  1  1  0  1  0  0  1  0  0  0  1  1  0  1  0  0  1  0  0  0  1  1  0  1  0  0  1  0  0  0  1 
 1  1  1  1  1  1  0  1  1  1  1  1  1  1  1  1  0  1  1  1  1  1  1  1  1  1  0  1  1  1  1  1  1  1  1  1  0  1  1  1 
 1  0  0  0  0  0  0  1  0  1  1  0  0  0  0  0  1  1  0  1  1  0  0  0  0  0  0  1  0  1  1  0  0  0  0  0  1  1  0  1 
 1  1  1  1  1  1  0  0  0  1  1  1  0  1  1  1  1  0  0  1  1  1  1  1  1  1  0  0  0  1  1  1  0  1  1  1  1  0  0  1 
 1  1  0  1  1  0  0  1  1  1  1  1  0  1  1  0  0  1  1  1  1  1  0  1  1  0  0  1  1  1  1  1  0  1  1  0  0  1  1  1 
 1  1  0  1  1  0  1  1  1  1  1  1  0  1  1  0  1  1  1  1  1  1  0  1  1  0  1  1  1  1  1  1  0  1  1  0  1  1  1  1 
 1  1  1  1  1  1  1  1  1  1  1  1  1  1  1  1  1  1  1  1  1  1  1  1  1  1  1  1  1  1  1  1  1  1  1  1  1  1  1  1 

919
(0,0)

运行时间：12
